23
28
15
29
13
13
17
27
2
19
2
29
26
25
26
29
4
0
18
0
1
16
31
35
1
31
4
31
27
4
8
0
2
26
33
28
14
20
16
26
27
11
32
4
10
33
10
8
3
9
33
28
36
18
29
13
19
25
35
18
35
20
29
20
4
21
35
36
13
30
10
26
5
26
4
4
25
26
21
12
33
24
36
14
8
12
32
5
1
6
21
25
36
3
14
32
12
2
13
33
16
21
27
17
24
28
34
18
5
28
12
34
29
33
29
10
31
29
29
28
14
15
31
2
0
16
11
10
16
26
8
21
13
32
17
17
34
16
29
1
14
10
4
12
34
7
2
1
5
17
29
15
19
23
25
3
29
32
24
31
4
29
16
1
21
4
16
18
18
22
8
6
18
29
24
35
34
5
14
11
35
8
9
6
10
29
35
2
34
4
8
11
35
3
21
28
0
14
27
10
10
1
20
18
5
25
26
10
9
18
4
9
21
27
23
2
23
3
17
29
36
24
3
5
13
10
28
4
31
23
0
8
10
26
5
12
14
11
16
9
17
14
3
2
21
3
21
6
9
23
33
27
8
25
27
30
26
23
24
28
13
10
0
27
14
9
15
1
29
22
11
13
33
19
14
21
7
1
25
10
34
12
19
7
24
13
25
11
21
20
27
16
12
23
12
22
23
24
23
32
5
30
16
13
31
23
25
10
25
16
22
32
12
26
31
20
24
7
18
18
34
34
16
20
12
27
12
36
34
1
31
14
25
31
5
23
30
5
29
4
15
19
24
22
30
2
21
36
25
25
9
12
24
16
10
0
0
3
15
22
20
0
24
28
30
1
9
24
22
24
12
27
35
1
6
30
2
34
5
5
35
19
24
9
11
1
18
16
31
20
8
9
8
15
3
35
22
33
7
13
29
14
30
20
15
26
11
31
10
18
24
36
29
11
18
21
6
32
34
32
27
26
11
13
11
9
24
28
6
0
23
15
21
20
6
17
28
16
29
10
17
26
34
33
35
2
27
33
27
20
2
21
4
36
24
2
29
15
13
29
17
9
1
34
17
10
1
29
14
35
36
11
7
7
28
6
35
4
32
6
22
29
23
33
20
8
11
26
7
7
30
21
20
32
4
26
17
23
21
12
33
10
26
34
35
3
9
7
4
7
15
22
10
32
7
11
12
13
4
24
6
2
23
14
27
32
22
12
20
26
10
35
10
16
35
3
2
24
22
31
7
8
2
36
26
0
5
15
11
23
21
33
17
15
24
12
22
23
28
36
9
22
35
20
25
10
31
36
11
17
30
29
33
22
33
14
7
5
27
26
4
24
16
8
4
8
12
35
22
25
1
11
13
22
25
16
32
13
2
27
20
5
5
24
9
23
23
17
4
19
33
17
4
24
16
2
3
19
30
26
27
3
31
10
16
29
17
27
33
16
19
35
29
25
22
17
30
21
4
26
5
25
23
31
10
4
13
23
6
1
4
11
28
9
27
5
9
7
32
4
31
36
22
14
20
19
15
13
8
7
6
28
9
11
6
1
21
36
13
35
19
26
30
11
36
8
22
10
14
15
25
19
16
14
33
32
12
2
22
20
31
32
0
12
24
5
33
34
12
4
6
28
21
1
9
27
8
24
10
15
36
10
16
36
28
34
29
17
5
29
11
31
1
7
18
30
24
21
4
26
22
16
